myid,myvar,g1,g2,g3,g4,g5,g6,g7,g8,g9,g10
1,4744,2,0.13828125,0.155625,0.14203125,0.10421875,0.0453125,0.12234375,0.07671875,0.09796875,0.0425,0.075
2,3243,1,0.0494618144541261,0.0243464889800102,0.236801640184521,0.057662737057919,0.176832393644285,0.1376217324449,0.205023065094823,0.0497180932854946,0.0207585853408508,0.0417734495130702
3,1663,4,0.023893029373082,0.111573871109163,0.183910565541429,0.178868917141605,0.00811047786058746,0.0497588776852258,0.00657606313020605,0.14116615519509,0.210872424375274,0.0852696185883385
4,2244,1,0.127624400727393,0.109274260208299,0.155893536121673,0.0891056372954207,0.0909241196892048,0.0867912051578773,0.117374772689701,0.110762109439577,0.0881137378079021,0.0241362208629526
5,4838,4,0.0522864232541652,0.0646933711449841,0.0618574973413683,0.166784828075151,0.118220489188231,0.148174406238922,0.0570719602977667,0.0934065934065934,0.0790499822757887,0.158454448777029
6,2550,4,0.107659724673491,0.0947758559830568,0.0593010942463819,0.00988351570773032,0.114895870102365,0.149488175079421,0.160430638898694,0.0213554535827744,0.130074126367808,0.152135545358277
7,4633,1,0.195058517555267,0.0834416991764196,0.153879497182488,0.0195058517555267,0.187472908539228,0.0418292154312961,0.0856090160381448,0.0639358474208929,0.028825314260945,0.140442132639792
8,1592,2,0.163265306122449,0.0561797752808989,0.155239623939463,0.0371474432469617,0.028892455858748,0.171290988305435,0.142627837651915,0.0793396010089429,0.099747764274249,0.0662692043109379
9,4172,1,0.121961269056448,0.179027606098063,0.000412031314379893,0.164400494437577,0.200247218788628,0.00494437577255871,0.0603625875566543,0.162134322208488,0.100535640708694,0.00597445405850845
10,3770,4,0.0571538907124928,0.0142884726781232,0.04112763081676,0.160069511488704,0.173199459355088,0.0895925854412049,0.188067194439081,0.0621741648966982,0.055995365900753,0.158331724271095
11,3163,1,0.031587982832618,0.0417167381974249,0.12068669527897,0.0569957081545064,0.147467811158798,0.143004291845494,0.171330472103004,0.0163090128755365,0.161545064377682,0.109356223175966
12,3540,2,0.13286467486819,0.0741652021089631,0.00246045694200351,0.0913884007029877,0.0884007029876977,0.174340949033392,0.107908611599297,0.175395430579965,0.120035149384886,0.0330404217926186
13,2595,3,0.0482594936708861,0.223628691983122,0.0363924050632911,0.00474683544303797,0.0630274261603375,0.0548523206751055,0.155590717299578,0.0625,0.0965189873417722,0.254483122362869
14,4774,4,0.0682487441538195,0.0530053698250476,0.0533518101507015,0.123505976095618,0.148622899705526,0.0228650614931578,0.17114152087303,0.159708990126451,0.0564697730815867,0.143079854495063
15,1948,3,0.0201636469900643,0.0531852717708942,0.103740502630041,0.193161893629456,0.203097603740503,0.0151957919345412,0.27030976037405,0.00672121566335476,0.0438340151957919,0.0905902980713033
16,1908,2,0.175051818353119,0.11663840211042,0.0900697192387413,0.0499340493687582,0.130582249858677,0.16544186922932,0.0186546071226682,0.00602977199924628,0.0657622008667797,0.181835311852271
17,3414,3,0.119105493437044,0.0320855614973262,0.0795657105817534,0.0431048452438827,0.146815751093826,0.0507211148922379,0.157835034840382,0.154432020742181,0.147301895964998,0.0690325717063685
18,2307,4,0.142381656804734,0.129437869822485,0.169008875739645,0.03125,0.0878328402366864,0.178069526627219,0.0665680473372781,0.0325443786982249,0.103365384615385,0.0595414201183432
19,3065,4,0.180401324761348,0.00467562828755114,0.0835768556399766,0.0884473017728424,0.00974089226573154,0.00779271381258523,0.187025131502046,0.119033703487239,0.145723748295344,0.173582700175336
20,3482,4,0.173797970886634,0.0465372739303044,0.14711071901191,0.0187472430524923,0.0280105866784296,0.110939567710631,0.0641817379797089,0.0758711954124393,0.192765769739744,0.142037935597706
21,2439,1,0.0865191146881288,0.0976629004798019,0.141618944435846,0.0328122581643708,0.124129391735026,0.137130475158644,0.104627766599598,0.0995201981117474,0.0346695557963164,0.141309394830522
22,2713,3,0.0165137614678899,0.0350662589194699,0.114373088685015,0.190417940876656,0.0161060142711519,0.148012232415902,0.143323139653415,0.182466870540265,0.101732925586137,0.0519877675840979
23,2408,3,0.132489586670939,0.138256968920218,0.0762576097404678,0.136174303107978,0.0791413008651073,0.0432553668695931,0.135052867670618,0.147548862544056,0.110381288048702,0.00144184556231977
24,3760,1,0.116655428186109,0.151045178691841,0.0374241402562374,0.157282535401214,0.0510788941335132,0.0544504383007417,0.154585300067431,0.0283209710047202,0.150370869858395,0.0987862440997977
25,3638,3,0.0707389528406981,0.0189379873746751,0.184923876717416,0.0993316004455997,0.0952469365020423,0.156702562198292,0.130523579650947,0.158373561084293,0.038804307463795,0.0464166357222429
26,4145,3,0.153986498814085,0.0614851304506477,0.154898741105638,0.0113118044152527,0.155081189563948,0.0813720124064952,0.0182448458310527,0.00948731983214742,0.177339901477833,0.176792556102901
27,1371,2,0.0955143625300693,0.0652327720390548,0.128059997169945,0.127210980614122,0.117730295740767,0.102023489458044,0.133861610301401,0.0669308051507004,0.0587236451110797,0.104712041884817
28,1830,1,0.17877094972067,0.00810956929176428,0.0929897278788971,0.0484772030996576,0.0551450711839971,0.0565867723914219,0.126509280951523,0.165795638853848,0.15984862137322,0.107767165255001
29,4755,4,0.059166084323317,0.0747728860936408,0.114372233869089,0.0270207314232471,0.178662939669229,0.0880503144654088,0.0892150011646867,0.1106452364314,0.0563708362450501,0.201723736314931
30,3417,2,0.00305096913137114,0.179109834888729,0.0793251974156497,0.169956927494616,0.0434314429289304,0.106245513280689,0.151471643933955,0.0489949748743719,0.173366834170854,0.0450466618808327
31,4323,2,0.131297709923664,0.166581849024597,0.109584393553859,0.0710771840542833,0.0615776081424936,0.115521628498728,0.103477523324852,0.0819338422391857,0.0317217981340119,0.127226463104326
32,2156,1,0.128662420382166,0.0694267515923567,0.0104033970276008,0.101273885350318,0.179405520169851,0.162845010615711,0.113163481953291,0.0428874734607219,0.035244161358811,0.156687898089172
33,1008,2,0.00606060606060606,0.105785123966942,0.0933884297520661,0.263911845730028,0.0487603305785124,0.0528925619834711,0.188429752066116,0.161157024793388,0.0691460055096419,0.0104683195592286
34,4256,3,0.0377723120168658,0.140723822909346,0.0553408292340127,0.129479971890372,0.0725579761068166,0.141953619114547,0.0474349964862966,0.113843991567112,0.135804638088545,0.125087842586086
35,3956,4,0.229195402298851,0.0209195402298851,0.0689655172413793,0.177701149425287,0.0466666666666667,0.0151724137931034,0.183908045977011,0.0940229885057471,0.0285057471264368,0.134942528735632
36,2777,4,0.0424929178470255,0.148961284230406,0.0568932955618508,0.0998583569405099,0.221671388101983,0.0337582625118036,0.0812086874409821,0.114494806421152,0.0547686496694995,0.145892351274788
37,2177,3,0.148376564483947,0.141302376201705,0.17522220206784,0.0328314892073281,0.0330128786504625,0.0977689098494468,0.128242336296028,0.175040812624705,0.0297478686740432,0.0384545619444948
38,4967,4,0.0739752144899905,0.15862726406101,0.0945662535748332,0.11954242135367,0.0690181124880839,0.166825548141087,0.00934223069590086,0.102955195424214,0.053765490943756,0.151382268827455
39,2022,1,0.18892114175133,0.0936139332365747,0.230285437832608,0.0299951620706338,0.0292694726656991,0.0341074020319303,0.121673923560716,0.102805999032414,0.0578132559264635,0.11151427189163
40,2903,1,0.0283701819604774,0.0980238700841323,0.145177069066719,0.179612600273919,0.150851105458814,0.155155546859714,0.079827822343964,0.0360007826257093,0.109958912150264,0.0170221091762864
41,4441,2,0.111316275389079,0.0116064362964917,0.0706937483513585,0.22658929042469,0.174096544447375,0.0946979688736481,0.00844104457926668,0.0580321814824585,0.160907412292271,0.0836190978633606
42,2040,4,0.16356628121334,0.0549689961454667,0.103569632981398,0.049270990447461,0.159208982738395,0.0832914362326127,0.115971174794704,0.109100050276521,0.108764873470756,0.0522875816993464
43,4803,1,0.1625133499466,0.0466358134567462,0.148629405482378,0.0425418298326807,0.169099323602706,0.070309718761125,0.17621929512282,0.0261658953364187,0.132609469562122,0.0252758988964044
44,1381,3,0.0254848894903022,0.140730717185386,0.203653585926928,0.0712674785746504,0.0144339197113216,0.206359945872801,0.193955796120884,0.0385656292286874,0.0241317095173658,0.0814163283716734
45,4618,4,0.0420132224354873,0.0381744508423971,0.143314139475368,0.18639368735338,0.0605672851354233,0.0595009596928983,0.165067178502879,0.0304969076562167,0.18255491576029,0.0919172531456601
46,2552,3,0.185683211390152,0.105398457583548,0.133280601146925,0.00395491398062092,0.0891833102630018,0.150879968360688,0.120031639311845,0.00790982796124184,0.195965987739767,0.0077120822622108
47,1696,2,0.153110944527736,0.0502248875562219,0.105884557721139,0.129872563718141,0.0292353823088456,0.135494752623688,0.104572713643178,0.104010494752624,0.164542728635682,0.0230509745127436
48,1891,1,0.157061926157453,0.152568861105685,0.0982613791756202,0.0740378980269584,0.0574330924008595,0.140066419222504,0.0443445985544052,0.0494237155694472,0.0892752490720844,0.137526860714983
49,4406,1,0.151668169522092,0.131830477908025,0.0261496844003607,0.0658250676284941,0.139044183949504,0.16248872858431,0.113615870153291,0.0218214607754734,0.16429215509468,0.0232642019837692
50,3714,2,0.0441129800063472,0.128213265629959,0.134560456997778,0.111393208505236,0.106156775626785,0.117899079657252,0.0979054268486195,0.129641383687718,0.0510948905109489,0.0790225325293558
51,2258,2,0.0539143279172821,0.0535450516986706,0.00627769571639586,0.182791728212703,0.0893648449039882,0.0188330871491876,0.0819793205317578,0.204948301329394,0.209010339734121,0.0993353028064993
52,3940,3,0.163238593866866,0.182311144353029,0.105086013462977,0.171839940164547,0.0104712041884817,0.118175018698579,0.0727374719521316,0.0508601346297681,0.0106581899775617,0.114622288706058
53,4920,2,0.102232667450059,0.0898942420681551,0.0572855464159812,0.117215041128085,0.0602232667450059,0.0696239717978848,0.194183313748531,0.0299647473560517,0.0934195064629847,0.185957696827262
54,4580,1,0.114353985321727,0.159412869090288,0.0570063150708312,0.0749274620242362,0.0349889059566479,0.148318825738181,0.143198498037208,0.102918586789555,0.0182625021334699,0.146612049837856
55,2368,4,0.133762057877814,0.0660771704180064,0.0557877813504823,0.0919614147909968,0.0948553054662379,0.157234726688103,0.106430868167203,0.057556270096463,0.153215434083601,0.0831189710610932
56,3561,1,0.0463236743544254,0.101123595505618,0.151783954267692,0.0609107037256061,0.0171496156120639,0.181943623102701,0.0240488862605953,0.189828503843879,0.136211314803864,0.0906761285235561
57,3497,1,0.149403522060216,0.100927854572998,0.0232910433629994,0.182541185381557,0.0715773527740958,0.0134444234046582,0.0943003219087294,0.12933156599129,0.074607081992047,0.160575648551411
58,4337,2,0.132094732543895,0.135565536953859,0.125153123723969,0.0489995916700694,0.00387913434054716,0.00163331972233565,0.173948550428746,0.160677827684769,0.193956717027358,0.0240914659044508
59,1868,4,0.175402081362346,0.156102175969726,0.14399243140965,0.0855250709555345,0.140018921475875,0.0130558183538316,0.0703878902554399,0.0315988647114475,0.112393566698202,0.071523178807947
60,4961,1,0.0962006363466218,0.0559610705596107,0.0117911285794497,0.107804604154969,0.137937488302452,0.0378064757626801,0.0810406138873292,0.144675276062137,0.183043234138125,0.143739472206626
61,1892,3,0.0438675022381379,0.0519247985675918,0.206356311548791,0.156893464637422,0.031781557743957,0.0778871978513876,0.0250671441360788,0.00828111011638317,0.214861235452104,0.183079677708147
62,1237,2,0.144585601935874,0.12870538415003,0.131578947368421,0.0769812462189958,0.0641258318209316,0.0264670296430732,0.139443436176649,0.0715366001209921,0.141107078039927,0.0754688445251059
63,2814,1,0.137652705061082,0.0368673647469459,0.0087260034904014,0.182591623036649,0.0370855148342059,0.153141361256545,0.138307155322862,0.106239092495637,0.0534467713787086,0.145942408376963
64,1995,1,0.100238146785018,0.121887854513964,0.0814029010608357,0.0225156960381035,0.174063650140723,0.0755574799740203,0.0582377137908638,0.147651006711409,0.0114743450963412,0.206971205888721
65,4691,1,0.149007736293306,0.109821728893374,0.00252270433905146,0.142785065590313,0.0728220652539522,0.0901446350487723,0.151866801210898,0.00840901446350488,0.15556676757484,0.117053481331988
66,2469,1,0.0329500600652137,0.164063840741376,0.0175047194096448,0.104170241977004,0.117556203878497,0.17058520679595,0.115840054916767,0.0437617985241119,0.16715290887249,0.0664149648189463
67,4656,3,0.177786818551668,0.171074043938161,0.118592351505289,0.0842148087876322,0.0203417412530513,0.0976403580146461,0.0471928397070789,0.0439381611065907,0.072213181448332,0.167005695687551
68,1132,4,0.114740710494079,0.116782360146999,0.0373621886484279,0.143936300530829,0.0581870151082074,0.104124132298898,0.0820743160473663,0.193752552062066,0.0718660677827685,0.0771743568803593
69,2662,4,0.00848818536361551,0.190410644643267,0.0566643725625143,0.184675384262446,0.0651525579261299,0.168387244780913,0.0619408121128699,0.0410644643266804,0.147969717825189,0.0752466161963753
70,3530,4,0.0833333333333333,0.00826630920464701,0.11058981233244,0.175603217158177,0.113941018766756,0.161974977658624,0.0201072386058981,0.119302949061662,0.115281501340483,0.0915996425379803
71,1537,3,0.121740574655373,0.106294635442618,0.105464208603222,0.0152798538448763,0.123401428334164,0.120577977080219,0.110446769639595,0.150971599402093,0.0466699883740243,0.0991529646238166
72,1794,4,0.0899625156184923,0.121407746772178,0.0953769262807164,0.0768429820907955,0.159308621407747,0.160141607663474,0.101207830070804,0.0301957517700958,0.0974593919200333,0.0680966264056643
73,2626,4,0.00448179271708683,0.0438842203548086,0.156115779645191,0.178524743230626,0.127917833800187,0.053781512605042,0.0640522875816993,0.165452847805789,0.181512605042017,0.0242763772175537
74,2962,2,0.127301699716714,0.0361189801699717,0.0481586402266289,0.117740793201133,0.130134560906516,0.0672804532577904,0.100743626062323,0.0699362606232295,0.175106232294618,0.127478753541076
75,3841,3,0.134232604046718,0.145254153643691,0.0906399078795855,0.0783023523605856,0.132258595163678,0.0217140977134397,0.0445797006086527,0.153150189175851,0.0419476887645994,0.157920710643198
76,3005,2,0.112509992006395,0.0233812949640288,0.126099120703437,0.0459632294164668,0.00639488409272582,0.148081534772182,0.13449240607514,0.057154276578737,0.196642685851319,0.149280575539568
77,3772,2,0.12718023255814,0.112160852713178,0.141472868217054,0.202761627906977,0.0380329457364341,0.000242248062015504,0.188953488372093,0.0385174418604651,0.107073643410853,0.0436046511627907
78,3665,3,0.0814948221521837,0.0965781179648807,0.19788383610986,0.155110310670869,0.114137775776677,0.15083295812697,0.00090049527239982,0.0108059432687978,0.113012156686177,0.0792435839711842
79,4279,3,0.0702206936084838,0.0429922613929493,0.0782459157351677,0.218973918028088,0.119231871596446,0.0272284322155345,0.118372026368587,0.0822585267985096,0.203210088850674,0.0392662654055603
80,3206,4,0.103915662650602,0.00451807228915663,0.0338855421686747,0.126506024096386,0.158132530120482,0.035140562248996,0.149849397590361,0.186495983935743,0.0323795180722892,0.169176706827309
81,3182,1,0.134568718288109,0.14008382969336,0.1387602029561,0.0743437017427752,0.0582395764394441,0.0659607324067946,0.0983895874696669,0.14140745643062,0.0344142951687624,0.113831899404368
82,1828,1,0.0228716645489199,0.191656077933079,0.0415078356628547,0.163490046590428,0.129394324438797,0.17704362558238,0.00592969080897925,0.123464633629818,0.109699279966116,0.0349428208386277
83,4109,2,0.147887323943662,0.0558098591549296,0.13556338028169,0.0542253521126761,0.163204225352113,0.130281690140845,0.138732394366197,0.0404929577464789,0.132042253521127,0.00176056338028169
84,2721,4,0.113870733478577,0.0804647785039942,0.114742193173566,0.0639070442992012,0.104720406681191,0.0397966594045025,0.137109658678286,0.108496732026144,0.139724037763253,0.0971677559912854
85,3802,4,0.0952667468912956,0.0802246289610911,0.0970718010429202,0.156237464901725,0.01985559566787,0.116325711993582,0.106097071801043,0.145006016847172,0.151825110308865,0.0320898515844364
86,2877,3,0.075909428359317,0.157572383073497,0.0111358574610245,0.17724573125464,0.0721974758723088,0.144023756495917,0.0463994060876021,0.170564216778025,0.057720861172977,0.0872308834446919
87,1021,3,0.00845070422535211,0.0185110663983903,0.357344064386318,0.0362173038229376,0.06841046277666,0.0124748490945674,0.393561368209256,0.00724346076458753,0.0736418511066398,0.0241448692152917
88,3758,3,0.200080677692618,0.133118192819685,0.0518354175070593,0.131504638967326,0.104679306171843,0.0197660346914078,0.0570794675272287,0.110326744655103,0.0173457039128681,0.174263816054861
89,3899,2,0.0991921848581627,0.0107082472290062,0.0185985346609055,0.18373097877137,0.022731542363329,0.146721773436032,0.10351305654706,0.147285365395454,0.113657711816645,0.153860604922036
90,4373,4,0.144591968911917,0.0982836787564767,0.0816062176165803,0.134067357512953,0.0231541450777202,0.135362694300518,0.13050518134715,0.0960168393782383,0.0652525906735751,0.0911593264248705
91,4347,1,0.0685972850678733,0.0358371040723982,0.112579185520362,0.117647058823529,0.142986425339367,0.158552036199095,0.0291402714932127,0.126696832579186,0.126153846153846,0.0818099547511312
92,2291,3,0.108668537574057,0.115060804490178,0.126442157779857,0.10289990645463,0.0868412846897412,0.0249454318677892,0.136108512628625,0.0862176488930465,0.154817586529467,0.0579981290926099
93,4646,2,0.113783121799154,0.0745936317078602,0.119127143175239,0.110220440881764,0.0178134045869517,0.136717880204854,0.0436428412380316,0.114896459585838,0.0888443553774215,0.180360721442886
94,1390,3,0.0795167181792638,0.145546501826356,0.0927226749086822,0.126159033436359,0.146389435234616,0.03765102556898,0.0118010677156505,0.111267209890419,0.00730542287159314,0.241640910368081
95,4957,3,0.095169946332737,0.176565295169946,0.0561717352415027,0.0889087656529517,0.0556350626118068,0.144007155635063,0.124865831842576,0.0386404293381038,0.0477638640429338,0.172271914132379
96,4639,3,0.00297254764819024,0.138835460744885,0.119776184647666,0.061374366147928,0.133939499912572,0.170484350410911,0.171358629130967,0.0358454275222941,0.0828816226613044,0.082531911173282
97,3125,3,0.133365086925458,0.0669206954036675,0.139318885448916,0.138604429626101,0.214813050726363,0.214336746844487,0.0185758513931889,0.00190521552750655,0.0416765896642058,0.0304834484401048
98,2442,2,0.0990771373846422,0.00783562597945325,0.14696151837019,0.0144523768065471,0.168204771025596,0.0647745080968135,0.155841894480237,0.171687271460909,0.104126763015845,0.0670381333797667
99,1352,4,0.0622301244602489,0.102362204724409,0.130302260604521,0.209804419608839,0.0490220980441961,0.0601981203962408,0.0523241046482093,0.122682245364491,0.0911861823723647,0.11988823977648
100,3267,4,0.143092105263158,0.176926691729323,0.155075187969925,0.0216165413533835,0.0335996240601504,0.108317669172932,0.221334586466165,0.0495770676691729,0.018796992481203,0.0716635338345865
101,2608,4,0.199656504937742,0.0030055817947617,0.150279089738085,0.0145985401459854,0.0253327608415629,0.173250322026621,0.0395019321597252,0.209961356805496,0.117432374409618,0.0669815371404036
102,4570,1,0.105401844532279,0.057092665788318,0.1822573561704,0.0212999560825648,0.143829600351339,0.101010101010101,0.213658322353975,0.0663153271848924,0.0693895476504172,0.0397452788757137
103,1264,1,0.0954831332189823,0.222126929674099,0.0111492281303602,0.0794739851343625,0.174671240708977,0.0471698113207547,0.205831903945111,0.0102915951972556,0.125214408233276,0.028587764436821
104,1141,3,0.123166522864538,0.143226919758412,0.0433563416738568,0.176876617773943,0.0647109577221743,0.0603968938740293,0.158757549611734,0.0282571182053494,0.0703192407247627,0.130931837791199
105,4015,3,0.0938549693736416,0.0802213001383126,0.0472238688006323,0.0823947836395969,0.0691562932226833,0.150958308634657,0.174669037739577,0.161232957913456,0.0241059079233353,0.116182572614108
106,1442,2,0.119297719087635,0.143607442977191,0.136104441776711,0.0832833133253301,0.1062424969988,0.0948379351740696,0.0751800720288115,0.0814825930372149,0.0634753901560624,0.0964885954381753
107,4158,3,0.100845665961945,0.0334038054968288,0.0503171247357294,0.183509513742072,0.202959830866808,0.0463002114164905,0.080338266384778,0.00253699788583509,0.113742071881607,0.186046511627907
108,4419,4,0.0475167144221585,0.160936007640879,0.195558739255014,0.120821394460363,0.0580229226361032,0.0405921680993314,0.0155205348615091,0.0515759312320917,0.181470869149952,0.127984718242598
109,3996,2,0.0733480176211454,0.00330396475770925,0.202202643171806,0.0817180616740088,0.0887665198237885,0.08215859030837,0.0385462555066079,0.0411894273127753,0.196035242290749,0.19273127753304
110,2578,3,0.00804416403785489,0.128233438485804,0.148422712933754,0.132492113564669,0.135015772870662,0.0515772870662461,0.0668769716088328,0.155362776025237,0.0394321766561514,0.134542586750789
111,3244,1,0.181731502669718,0.113844393592677,0.117658276125095,0.0461479786422578,0.0282227307398932,0.119755911517925,0.130625476735317,0.12280701754386,0.0560640732265446,0.0831426392067124
112,1678,4,0.0959514170040486,0.120377867746289,0.125371120107962,0.0869095816464237,0.134412955465587,0.0743589743589744,0.09055330634278,0.106747638326586,0.0790823211875843,0.0862348178137652
113,1779,1,0.0951306030312802,0.147694292163818,0.106900999677523,0.100128990648178,0.0146726862302483,0.0345049983876169,0.155594969364721,0.111576910673976,0.147049338922928,0.0867462108997098
114,4451,2,0.128189550425273,0.125151883353584,0.0944714459295261,0.141707168894289,0.0788274605103281,0.105710814094775,0.1181652490887,0.0935601458080194,0.0331105710814095,0.0811057108140948
115,3963,1,0.0106627639556764,0.141124817060422,0.14091574325737,0.0623039933096383,0.0681580597951077,0.0756847167049969,0.098055613631612,0.142797407484842,0.198829186702906,0.0614676980974284
116,1627,3,0.200093830635703,0.149894440534835,0.150129017124091,0.00469153178512784,0.0361247947454844,0.0492610837438424,0.159981233872859,0.0619282195636875,0.144499178981938,0.0433966690124326
117,4955,3,0.160345137515729,0.125112349451735,0.178500808916052,0.0582419557792558,0.047096890167176,0.165558152076218,0.144885852957038,0.0684882257774582,0.0478159266582779,0.00395470070106058
118,4154,4,0.0533358111875116,0.183608994610667,0.115220219290095,0.149600446013752,0.112246794276157,0.0304776063928638,0.17580375394908,0.0265749860620702,0.057052592454934,0.0960787957628694
119,3599,2,0.135874067937034,0.0982601491300746,0.116321458160729,0.060149130074565,0.155095277547639,0.0856669428334714,0.0111019055509528,0.0790389395194698,0.125269262634631,0.133222866611433
120,4553,4,0.154738878143133,0.126112185686654,0.165377176015474,0.120116054158607,0.0634429400386847,0.0398452611218569,0.0147001934235977,0.191295938104449,0.0491295938104449,0.0752417794970986
121,1836,4,0.0618073316283035,0.124467178175618,0.0443307757885763,0.0805626598465473,0.134271099744246,0.0888746803069054,0.0890878090366581,0.134484228473998,0.199062233589088,0.0430520034100597
122,2752,4,0.0228600893777931,0.147301478171193,0.109659676864902,0.086799587487109,0.0541423169474046,0.155379855620488,0.104159504984531,0.0696115503609488,0.0855964248882778,0.164489515297353
123,4518,4,0.162233111655583,0.0250262513125656,0.0124256212810641,0.155757787889394,0.0850542527126356,0.0960798039901995,0.140182009100455,0.128106405320266,0.0577528876443822,0.137381869093455
124,2518,2,0.18272050530115,0.000225580870742161,0.0358673584480036,0.120911346717798,0.114595082337018,0.132415971125649,0.060230092488157,0.17956237311076,0.0857207308820212,0.0877509587187007
125,2733,4,0.185422960725076,0.111216012084592,0.0600453172205438,0.10857250755287,0.0702416918429003,0.0930891238670695,0.0785498489425982,0.0726963746223565,0.151623867069486,0.0685422960725076
126,2745,2,0.137743190661479,0.244876783398184,0.0526588845654994,0.225421530479896,0.0523994811932555,0.0295719844357977,0.0430609597924773,0.00389105058365759,0.0334630350194553,0.176913099870298
127,3384,2,0.152906822405097,0.228032917440934,0.0305282718343509,0.077249800902575,0.0193788160339793,0.0618529333687284,0.0852136979028405,0.00690204406689674,0.0966286169365543,0.241306079108044
128,2431,3,0.0260703181057163,0.166945706768716,0.0464003826835685,0.0939966515187754,0.218368811289165,0.0215259507294906,0.0473570916048792,0.00310930399425975,0.14183209758431,0.234393685721119
129,3879,2,0.144846796657382,0.10974930362117,0.0448467966573816,0.1008356545961,0.0105849582172702,0.18133704735376,0.0938718662952646,0.145682451253482,0.104178272980501,0.064066852367688
130,1355,3,0.0263097161320102,0.0154627279021463,0.201246249711516,0.207708285252712,0.218555273482576,0.0694668820678514,0.121393953381029,0.0925455804292638,0.0228479113777983,0.0244634202630972
131,1623,1,0.07566073587839,0.0770426671273104,0.160649507686993,0.0823976507168768,0.120400760062187,0.0855069960269477,0.0233200898255312,0.102435653826222,0.169977543617205,0.102608395232337
132,3234,2,0.116470167917113,0.171668453018935,0.100392997499107,0.122186495176849,0.0846730975348339,0.011611289746338,0.105573419078242,0.0571632725973562,0.103251161128975,0.127009646302251
133,2561,1,0.0255783642880417,0.152981427174976,0.0967741935483871,0.065167807103291,0.123004235907462,0.0640273704789834,0.112903225806452,0.149560117302053,0.156728576083415,0.0532746823069404
134,4055,3,0.206982543640898,0.116895261845387,0.0966334164588529,0.0249376558603491,0.0663965087281796,0.0589152119700748,0.156795511221945,0.0776184538653367,0.033354114713217,0.161471321695761
135,3936,3,0.113171958503615,0.0537566802892172,0.0704181075133606,0.0465262496070418,0.274756365922666,0.0279786230745049,0.243005344231374,0.0125746620559572,0.0748192392329456,0.0829927695693178
136,1695,3,0.124348958333333,0.1296875,0.0283854166666667,0.06171875,0.117708333333333,0.116927083333333,0.127213541666667,0.115885416666667,0.095703125,0.082421875
137,1734,2,0.100362947767082,0.147072747356793,0.0364525800852138,0.080795329020041,0.14265425280101,0.130187786018621,0.0545999684393246,0.128294145494714,0.101783178160013,0.0777970648571879
138,3023,1,0.122424484896979,0.160632126425285,0.0396079215843169,0.0212042408481696,0.126425285057011,0.111822364472895,0.0812162432486497,0.100420084016803,0.152230446089218,0.0840168033606721
139,1445,3,0.211175785797439,0.0318975552968568,0.0980209545983702,0.0691501746216531,0.0824214202561118,0.212572759022119,0.0451688009313155,0.0679860302677532,0.0931315483119907,0.0884749708963912
140,2846,1,0.070495290185354,0.0158006684898207,0.151929504709815,0.0756608933454877,0.199939228198116,0.0151929504709815,0.0252202977818292,0.113339410513522,0.256153144940747,0.076268611364327
141,3577,3,0.0906666666666667,0.0142222222222222,0.177422222222222,0.115022222222222,0.162311111111111,0.118755555555556,0.0983111111111111,0.163555555555556,0.0330666666666667,0.0266666666666667
142,4390,1,0.141562660283809,0.0312873995554796,0.00649683706616516,0.126517353393743,0.125149598221918,0.0783039835869379,0.105659087023423,0.164130620618909,0.090100871943922,0.130791588305693
143,2886,2,0.0428075588121867,0.184149633629001,0.150983416891631,0.0175472425761666,0.177786347859622,0.174893945237177,0.0734670266101041,0.0480138835325877,0.084265329733899,0.0460856151176244
144,4905,3,0.0872666247115586,0.013425634571009,0.0274805957625341,0.164673799035033,0.196979232221523,0.00985945038808475,0.117264526956157,0.190266414936018,0.172225718481225,0.0205580029368576
145,2711,3,0.148338417081393,0.139508749397977,0.081714560924707,0.130679081714561,0.0280943971745063,0.0610049767217852,0.0598812008348049,0.127628832878472,0.116872692245946,0.106277091025847
146,1104,4,0.0908835115362971,0.0956668542487338,0.00478334271243669,0.0818795723128869,0.0213843556555993,0.11283061339336,0.126055149127743,0.250422059651097,0.0270118176702307,0.189082723691615
147,1070,4,0.0492610837438424,0.059403071573457,0.0640394088669951,0.0269487105186902,0.131556070704144,0.146334395827296,0.108953926398145,0.107215299913069,0.0573746740075341,0.248913358446827
148,4674,4,0.0167331900521953,0.092723365059871,0.128338962235186,0.132637396377034,0.0828983727356463,0.0514276941971139,0.0928768805649371,0.151519803500154,0.102548357384096,0.148295977893767
149,3507,2,0.0575422036667272,0.168996188055909,0.0704302051188963,0.108549646033763,0.0891268832819023,0.149573425304048,0.0393900889453621,0.0657106552913414,0.13922671991287,0.111453984389181
150,3652,4,0.136499105901053,0.124180409298629,0.173455195708325,0.0516590502682297,0.0147029604609577,0.114842042519372,0.190145042718061,0.0337770713292271,0.150208623087622,0.0105304987085237
151,3752,1,0.139393939393939,0.161290322580645,0.0619745845552297,0.093841642228739,0.0930596285434995,0.162658846529814,0.0420332355816227,0.0699902248289345,0.0389051808406647,0.136852394916911
152,2614,1,0.125276752767528,0.165313653136531,0.15830258302583,0.121217712177122,0.143542435424354,0.0749077490774908,0.0629151291512915,0.0822878228782288,0.0201107011070111,0.0461254612546125
153,3631,1,0.0686934323508935,0.126711533998608,0.20863309352518,0.0721745184497563,0.18148062195405,0.102808076119749,0.0220468786261314,0.0269203991645393,0.0958459039220237,0.0946855418890694
154,4627,3,0.130156472261735,0.0880156472261735,0.0268492176386913,0.162695590327169,0.100462304409673,0.0382290184921764,0.0720128022759602,0.0833926031294452,0.140291607396871,0.157894736842105
155,4076,3,0.0614979134636503,0.0694047880518339,0.0988359323522952,0.0593015594113771,0.137931034482759,0.125851087195256,0.0799472875027454,0.193059521194817,0.00241598945750055,0.171754886887766
156,3470,2,0.0150061500615006,0.168511685116851,0.0479704797047971,0.0115621156211562,0.0354243542435424,0.198523985239852,0.0337023370233702,0.0462484624846248,0.232472324723247,0.210578105781058
157,4448,2,0.12468093461614,0.192617317887296,0.143923031612016,0.0247398389946986,0.0547810720596898,0.0669546436285097,0.160416257608482,0.0225800117808757,0.0296485372079325,0.179658354604359
158,2506,4,0.146995377503852,0.062095531587057,0.0314329738058552,0.138366718027735,0.149922958397535,0.118335901386749,0.0936825885978428,0.0912172573189522,0.132049306625578,0.0359013867488444
159,2638,4,0.052502822732405,0.0794128716597667,0.168799397817087,0.0237109522017313,0.140007527286413,0.111592021076402,0.108581106511103,0.146970267218668,0.130222054949191,0.0382009785472337
160,2327,1,0.0621170864533696,0.0153165418652144,0.104322668481961,0.132062627637849,0.122532334921715,0.161504424778761,0.0981960517358747,0.16643975493533,0.0408441116405718,0.0966643975493533
161,4340,4,0.0993622020812353,0.0367573011077543,0.14551863041289,0.080563947633434,0.124706277274253,0.0884525008392078,0.131587781134609,0.0436388049681101,0.155589123867069,0.0938234306814367
162,1777,2,0.029218407596786,0.0591672753834916,0.0304358412466521,0.126856586316046,0.186267348429511,0.178962746530314,0.0479668858047236,0.190893596299002,0.00803506208911614,0.142196250304358
163,4096,2,0.0271790065604499,0.0554826616682287,0.176757263355202,0.124835988753515,0.0978444236176195,0.136269915651359,0.144142455482662,0.077788191190253,0.133645735707591,0.0260543580131209
164,2844,1,0.096085409252669,0.0163701067615658,0.173902728351127,0.112692763938316,0.00616844602609727,0.037485172004745,0.036773428232503,0.232977461447212,0.21779359430605,0.0697508896797153
165,1100,3,0.00609175709118599,0.0338853988197221,0.0921378260041881,0.180277936417285,0.00399771559109081,0.130972777460499,0.0649152865029507,0.140681515324576,0.185988958690272,0.16105082809823
166,2102,4,0.216617998407221,0.0504380143350146,0.0156623307671887,0.00212370586673746,0.00132731616671091,0.121582160870719,0.162728962038758,0.123705866737457,0.207326785240244,0.0984868595699496
167,4609,2,0.108881875563571,0.0110459873760144,0.0209648331830478,0.0164562669071235,0.11429215509468,0.158476104598738,0.134806131650135,0.123309287646528,0.161181244364292,0.15058611361587
168,1680,1,0.0688561002697128,0.151039187688402,0.148659368554657,0.119308265905125,0.138346818975091,0.0575916230366492,0.0244328097731239,0.120260193558623,0.0198318261145486,0.151673806124068
169,3022,2,0.090863621207069,0.0390130043347783,0.112037345781927,0.149049683227743,0.16538846282094,0.0971990663554518,0.0388462820940313,0.0956985661887296,0.0640213404468156,0.147882627542514
170,3741,3,0.0297679112008073,0.122855701311806,0.0143794147325933,0.251765893037336,0.093087790110999,0.0441473259334006,0.0158930373360242,0.226034308779011,0.0408678102926337,0.161200807265388
171,3327,1,0.0533647663951993,0.184526360908701,0.129018431204458,0.0990141448778397,0.167809687098157,0.0128589798542649,0.136519502786112,0.0904414916416631,0.0135019288469781,0.112944706386627
172,2473,2,0.166725290186423,0.138410130144214,0.0810763278227225,0.106577558916637,0.154414351037636,0.0411537108688006,0.138937741822019,0.0552233556102708,0.0517059444249033,0.0657755891663735
173,1299,1,0.166117065127782,0.0241137675185491,0.00886232481450948,0.00948062654575433,0.0904781533388293,0.108821104699093,0.18239901071723,0.162407254740313,0.193116240725474,0.054204451772465
174,3496,2,0.046395609877775,0.0486405587428286,0.118982289847842,0.00349214267897231,0.0027438263906211,0.195310551259666,0.0336742329758044,0.219755550012472,0.213270142180095,0.117735096033924
175,2139,1,0.14450724993856,0.0498894077168838,0.107643155566478,0.00786434013271074,0.218972720570165,0.00983042516588842,0.0353895305971983,0.202998279675596,0.193659375768002,0.0292455148685181
176,4804,4,0.171728705183832,0.0383649234985156,0.0184973738296415,0.14455355103905,0.209408540762731,0.184060287736926,0.0324274948618406,0.00319707695820964,0.0290020552637589,0.168759990865494
177,1790,1,0.0155902004454343,0.030902004454343,0.122216035634744,0.200723830734967,0.0105790645879733,0.0963251670378619,0.0592984409799555,0.176503340757238,0.010022271714922,0.277839643652561
178,1010,3,0.0388451443569554,0.0279965004374453,0.100962379702537,0.162554680664917,0.154855643044619,0.0932633420822397,0.0267716535433071,0.138582677165354,0.0850393700787402,0.171128608923885
179,2845,2,0.0224691954578401,0.0437303696545059,0.067649190625755,0.193766610292341,0.1497946363856,0.0705484416525731,0.138680840782798,0.0384150761053395,0.140613674800676,0.134331964242571
180,4281,1,0.149954212454212,0.101877289377289,0.0817307692307692,0.178113553113553,0.0776098901098901,0.0519688644688645,0.153846153846154,0.0835622710622711,0.0611263736263736,0.0602106227106227
181,4063,2,0.105917725843925,0.0632772994396611,0.0840508405084051,0.0615006150061501,0.10796774634413,0.135028016946836,0.127237939046057,0.122181221812218,0.0794041273746071,0.11343446767801
182,3290,4,0.0248483662688319,0.185677949520642,0.0671101545685776,0.00567403639209548,0.0358051261983956,0.187243200939151,0.0397182547446684,0.173155938172569,0.167481901780473,0.113285071414596
183,1345,1,0.060442625999628,0.109912590663939,0.181513855309652,0.0842477217779431,0.0470522596243258,0.175748558675842,0.0777385159010601,0.162172214989771,0.0543053747442812,0.0468662823135577
184,3151,4,0.0086937137761926,0.0635309852875613,0.0985287561301828,0.118145341061079,0.0577351761034329,0.00378956754346857,0.162728488631297,0.174320106999554,0.135532768613464,0.176995095853767
185,4616,1,0.112773917691074,0.00962052378407269,0.0860502405130946,0.174772848743987,0.154462854088723,0.106092998396579,0.0823089257081774,0.0702832709780866,0.00694815606627472,0.196686264029931
186,1248,2,0.166801619433198,0.18582995951417,0.191902834008097,0.109716599190283,0.098582995951417,0.0342105263157895,0.0119433198380567,0.0348178137651822,0.145344129554656,0.0208502024291498
187,2349,4,0.0693349504750354,0.0814635132403477,0.0915706488781079,0.155447746108753,0.0978370729735193,0.120274914089347,0.115625631695977,0.111987062866384,0.0479078229229836,0.108550636749545
188,4998,2,0.0605704697986577,0.150838926174497,0.0880872483221476,0.148657718120805,0.0203020134228188,0.144463087248322,0.160570469798658,0.0649328859060403,0.0446308724832215,0.116946308724832
189,4438,2,0.0213596692696371,0.164905833716123,0.101975195222784,0.225310059715204,0.0362884703720717,0.111621497473588,0.135966926963712,0.131832797427653,0.0041341295360588,0.0666054203031695
190,3659,4,0.103730921424534,0.188524590163934,0.0248728094968909,0.0847936687394008,0.100056529112493,0.00537026568682872,0.0929903900508762,0.0559638213680045,0.199830412662521,0.143866591294517
191,2900,1,0.0174029451137885,0.00910307898259705,0.195180722891566,0.0958500669344043,0.25809906291834,0.0101740294511379,0.0677376171352075,0.00589022757697456,0.187416331994645,0.153145917001339
192,1521,3,0.0127414714344431,0.139128647759967,0.0228113440197287,0.188039457459926,0.177764077270859,0.107069461570078,0.140567200986436,0.0456226880394575,0.0674064940402795,0.0988491574188245
193,1329,4,0.171504497138185,0.044562551103843,0.080744071954211,0.0617334423548651,0.174979558462796,0.0478331970564186,0.154333605887163,0.138798037612428,0.100163532297629,0.0253475061324612
194,4004,3,0.158408591652429,0.0868928484256773,0.085916524286063,0.22723944349524,0.0558945569929217,0.183548938247498,0.136441298511106,0.0239199414205516,0.0371003173053454,0.00463753966316817
195,4642,2,0.0961807638472306,0.0287942411517696,0.143371325734853,0.0227954409118176,0.160767846430714,0.167566486702659,0.00559888022395521,0.127574485102979,0.0847830433913217,0.162567486502699
196,4380,3,0.16690988690259,0.119664356074425,0.164173659248449,0.121123677489967,0.0217074060561839,0.00547245530828165,0.176577891280555,0.0394016782196279,0.124771981028822,0.0601970083910981
197,4517,1,0.0130541871921182,0.11256157635468,0.0876847290640394,0.206896551724138,0.00886699507389163,0.173399014778325,0.0463054187192118,0.168472906403941,0.127339901477833,0.0554187192118227
198,3890,3,0.0401926590267397,0.10579637933898,0.129712672313569,0.104467696395948,0.14416209931905,0.090516525494104,0.128217904002657,0.0428500249128052,0.119083208769307,0.0950008304268394
199,1012,2,0.0597112860892388,0.0325896762904637,0.189413823272091,0.0509623797025372,0.181977252843395,0.150699912510936,0.0297462817147857,0.0406824146981627,0.0708661417322835,0.193350831146107
200,2770,2,0.182398239823982,0.155115511551155,0.0556655665566557,0.107590759075908,0.142794279427943,0.0607260726072607,0.0103410341034103,0.0121012101210121,0.132673267326733,0.140594059405941
